2.0 17.0
3.0 19.0
1.0 15.0 2.0 15.0 1.0
1.0 15.0 1.0 16.0 1.0
1.0 16.0 2.0 16.0 1.0
1.0 16.0 1.0 17.0 1.0
1.0 17.0 2.0 17.0 1.0
1.0 17.0 1.0 18.0 1.0
1.0 18.0 2.0 18.0 1.0
1.0 18.0 1.0 19.0 1.0
1.0 19.0 2.0 19.0 1.0
1.0 19.0 1.0 20.0 1.0
2.0 15.0 3.0 15.0 1.0
2.0 15.0 2.0 16.0 1.0
2.0 16.0 3.0 16.0 1.0
2.0 16.0 2.0 17.0 1.0
2.0 17.0 3.0 17.0 1.0
2.0 17.0 2.0 18.0 1.0
2.0 18.0 3.0 18.0 1.0
2.0 18.0 2.0 19.0 1.0
2.0 19.0 3.0 19.0 1.0
2.0 19.0 2.0 20.0 1.0
3.0 15.0 4.0 15.0 1.0
3.0 15.0 3.0 16.0 1.0
3.0 16.0 4.0 16.0 1.0
3.0 16.0 3.0 17.0 1.0
3.0 17.0 4.0 17.0 1.0
3.0 17.0 3.0 18.0 1.0
3.0 18.0 4.0 18.0 1.0
3.0 18.0 3.0 19.0 1.0
3.0 19.0 4.0 19.0 1.0
3.0 19.0 3.0 20.0 1.0
4.0 15.0 5.0 15.0 1.0
4.0 15.0 4.0 16.0 1.0
4.0 16.0 5.0 16.0 1.0
4.0 16.0 4.0 17.0 1.0
4.0 17.0 5.0 17.0 1.0
4.0 17.0 4.0 18.0 1.0
4.0 18.0 5.0 18.0 1.0
4.0 18.0 4.0 19.0 1.0
4.0 19.0 5.0 19.0 1.0
4.0 19.0 4.0 20.0 1.0
